video_name,xmin,xmax,clr_score,reg_score,label
v_aN9vCyXMbb8,0.0,0.99,0.0026177645,1.0,Playing saxophone
v_hPJw9_nPo_s,0.0,0.99,0.0031052402,0.9504298334427488,Waterskiing
v_LElk0AlBpbI,0.01,0.98,0.0038434232,0.9999855860126742,Longboarding
v_PjcTk1hcf4k,0.01,0.98,0.0038008068,0.9989417370524329,Decorating the Christmas tree
v_jW1isCO6MYk,0.0,0.99,0.0032130263,0.9999697399391441,Using the monkey bar
v_45AIj4-_RBw,0.0,0.99,0.0030169298,0.9999999990848161,Playing piano
v_VdGZfI-8RuA,0.0,0.99,0.0033674287,0.24003506961432786,Camel ride
v_eeoQE0dbA6U,0.01,0.98,0.003863328,0.9992510648182827,Baton twirling
v_qUFPq8D0jMc,0.0,0.99,0.0039072605,0.9999994729757917,Rope skipping
v_x6Z0xTgWoVI,0.01,0.98,0.004016242,0.9718067335148667,Skiing
v_2mAKLFVhV9Y,0.0,0.99,0.00408931,0.8605719696572388,Playing lacrosse
v_sy-xNiKnfBU,0.0,0.99,0.003441497,1.0,Windsurfing
v_qdE6dbQOnt0,0.01,0.98,0.0037507927,0.982687187556029,Washing face
v_ZsicrMkZEN8,0.0,0.99,0.0027401517,0.9994517090682098,Baton twirling
v_2_KTq85YQcY,0.0,0.99,0.0040283957,0.999999999705831,Ironing clothes
v_StTr5O_wGXI,0.0,0.99,0.0038364297,0.9999677446492131,Beach soccer
v_iANrLcieixM,0.0,0.99,0.003932245,0.9999661864638111,Pole vault
v_TVmuh_sR1KI,0.0,0.99,0.0036319701,1.0,Playing bagpipes
v_dySzHZniFCo,0.0,0.99,0.0031548727,0.9991207135107887,Doing karate
v_j4Ru2L4u0Qk,0.0,0.99,0.002787468,0.9999992753035651,Hurling
v_nGABbRHJ2Ug,0.0,0.99,0.0037604114,0.6436323423399284,Elliptical trainer
v_EQPiYEvFmSo,0.01,0.98,0.0040380037,0.9999998581434771,Cheerleading
v_4mzM3JjBJ74,0.0,0.99,0.003889173,0.9997841309931742,Clipping cat claws
v_HzyTD2uZ8jI,0.0,0.99,0.0038675566,0.8685654383830765,Long jump
v_Nt6cha3hK_s,0.0,0.99,0.0038684353,0.9894203824566324,Preparing salad
v_OD4MrhX85-M,0.0,0.99,0.0013588557,0.9986048758223492,Shuffleboard
v_Fok7z0mLNbU,0.01,0.98,0.0040133647,0.9999993711885612,Ballet
v_-n0F3QTuxug,0.0,0.99,0.00391002,0.9592750210984552,Washing face
v_lRB6XvAm_FU,0.01,0.98,0.0037843708,0.9999999460513738,Decorating the Christmas tree
v_sq0cKsoX7mg,0.0,0.99,0.0028343291,0.9343394960101868,Playing badminton
v_Zo7oziWT-7o,0.0,0.99,0.004014391,0.999999999986479,Slacklining
v_jHXqbgeq83Y,0.01,0.98,0.0038789506,0.7842935156709416,Walking the dog
v_GaIvG8u1tzo,0.01,0.98,0.0038129983,0.9970996177336716,Getting a piercing
v_mo8CBVntUjE,0.0,0.99,0.0030251855,0.9999999979826496,Playing drums
v_6TUA9ipKk9I,0.0,0.99,0.0027725901,0.8753514791717112,Plataform diving
v_8ulb1O_5gRs,0.01,0.98,0.003777058,0.9997904028059622,Paintball
v_OjV4UScwkU0,0.01,0.98,0.0038497697,0.9999999999999981,Welding
v_3ImTO0bzXPA,0.01,0.98,0.0037446795,0.9356381906026366,Getting a piercing
v_7KEM_rbhASw,0.01,0.98,0.004029943,0.9999998043041642,Rafting
v_ZjvmWr5LoFw,0.0,0.99,0.0039884457,1.0,Riding bumper cars
v_RD7AUdgtchE,0.01,0.98,0.0039074547,0.9999995651118379,Shoveling snow
v_iHm8ZXs2XdY,0.0,0.99,0.0038169825,0.9996445069838437,Braiding hair
v_DxhdDYQkQU8,0.01,0.98,0.003964429,0.9549706226948472,Skateboarding
v_ELlRh3gjpeE,0.01,0.98,0.00401061,0.9994653405608785,Futsal
v_MIQiVsnwcWE,0.0,0.99,0.0027238696,0.9999930027023519,Tai chi
v_aoIGBV31OT4,0.0,0.99,0.003912861,1.0,Windsurfing
v_hRuHqoXEvsI,0.01,0.98,0.003978639,0.994782667534684,Baton twirling
v_Z6l2Yu9Q0mU,0.01,0.98,0.004002827,1.0,Hula hoop
v_lneRTkBTPwg,0.0,0.99,0.003989577,0.9999999931402983,Doing fencing
v_rWQz-EwA4EA,0.0,0.99,0.0013742128,0.9999312623729781,Plastering
v_qmKSDwVvxVk,0.0,0.99,0.003934224,0.9999987182827765,High jump
v_rzIaKwWJDZI,0.0,0.99,0.003996755,0.9999558470359934,Making a cake
v_yVKmkR78Jn0,0.0,0.99,0.003873648,0.9999990916743265,Hand car wash
v_dZyb8t-4ATQ,0.01,0.98,0.0037668278,0.9510698942774455,Installing carpet
v_twrPZghmNtA,0.0,0.99,0.0039700638,0.999965603722226,Beach soccer
v_fErOJ98E15w,0.0,0.99,0.002646114,0.9994793680565437,Playing squash
v_OBDq689jDDY,0.01,0.98,0.003882271,0.999999999493757,Doing step aerobics
v_lVOBMs6op7o,0.0,0.99,0.0032626267,0.36095281494059983,Drinking coffee
v_21Pz1cjdd2I,0.0,0.99,0.0037015332,0.9999999999838505,Snow tubing
v_N2WxAkVh-C4,0.0,0.99,0.0040396955,0.5260094716886906,Blow-drying hair
v_ZJGXWbt6cbU,0.0,0.99,0.0039388416,0.9961666743780591,Zumba
v_MVUqd8iVUEk,0.01,0.98,0.0037653272,0.9999999999981101,Using the pommel horse
v_7DJDUzdw_I4,0.0,0.99,0.003998825,0.9862287347834432,Using parallel bars
v_HUZ9PuMm8yM,0.01,0.98,0.0038322697,0.7235885553430902,Springboard diving
v_izZqZFVpW4c,0.01,0.98,0.003964942,0.999999999984265,Ice fishing
v_MR0vMF_5hp8,0.0,0.99,0.003054851,0.9992777119852692,Removing ice from car
v_s0-xTG38cPw,0.01,0.98,0.004024197,0.9999730995761009,Smoking hookah
v_T97WL2cKD6M,0.01,0.98,0.0040023886,1.0,Playing accordion
v_OD7lx6blG9M,0.0,0.99,0.0022415414,0.9999483051736071,Making an omelette
v_3joaQzU05MY,0.0,0.99,0.0015147397,0.9999966669794231,Hopscotch
v_J-uW8raljqE,0.0,0.99,0.0013869191,0.9999067195812534,Disc dog
v_unFlcSwdDFc,0.0,0.99,0.003998251,0.9999999998945757,Futsal
v_PVed6JEd3ZM,0.01,0.98,0.003910454,0.9999987568794215,Using the monkey bar
v_bCEdkW675dQ,0.0,0.99,0.0038378574,0.9998697045205023,Playing violin
v_BCRFFkvfB_Q,0.0,0.99,0.002335695,0.8964287280771511,Long jump
v_x-rGfBaFQek,0.0,0.99,0.003909647,0.9991774503164594,Shoveling snow
v_zSeLjjo3KF0,0.0,0.99,0.003123576,0.9988211525088099,Bungee jumping
v_pQsk5XPTLoY,0.0,0.99,0.003974415,0.8733533676023065,Doing a powerbomb
v_FIaXCUPjFY0,0.01,0.98,0.0036851733,0.9141999574986862,Bathing dog
v_ZBoa0UN86Qw,0.0,0.99,0.0037678827,0.9999959563155558,Layup drill in basketball
v_rvcSqYeUZ9s,0.0,0.99,0.0033561555,0.5478849148456536,Shaving legs
v_v9APkG4il4Q,0.0,0.99,0.003969801,0.9999997178795182,Slacklining
v_9FK7tjzBKio,0.0,0.99,0.0040392014,0.997138024696739,Playing squash
v_vGZO5lM61D4,0.0,0.99,0.0024333803,0.7798750935457502,Snowboarding
v_VLjfzOpn-AQ,0.01,0.98,0.004083919,0.9999993125197485,Kayaking
v_AC9mml3mqps,0.01,0.98,0.0038881623,0.9998201110025755,Playing ice hockey
v_BQ_BJNFGmTg,0.01,0.98,0.0038719757,0.9999998835687904,Playing congas
v_mO1T8zhIliY,0.01,0.98,0.0037570687,0.9999999999999994,Doing fencing
v_D0pVkTEYQg8,0.0,0.99,0.0028476466,0.9895518088593509,Using the rowing machine
v_GnLUmMkyvCo,0.01,0.98,0.0039141774,0.9999990060657767,Hammer throw
v_mqwC7rqeXsk,0.0,0.99,0.00368222,0.9999999929253556,Drum corps
v_BOVYcAeBxyY,0.0,0.99,0.003519241,0.9999946944924112,Raking leaves
v_9ZboVy59qrw,0.0,0.99,0.0039877165,0.9881196691997384,Playing polo
v_gYqXtgtyFnY,0.0,0.99,0.0038500444,0.7938647597573301,Ballet
v_VpZ3PaLi2RQ,0.0,0.99,0.0026654897,0.7191167054464375,Mowing the lawn
v_ubNDaGOws0E,0.0,0.99,0.0037980683,0.999999994954797,Cumbia
v_DguywhRJ7ds,0.01,0.98,0.0038320604,0.9888613216378865,Springboard diving
v_2g9GrshWQrU,0.0,0.99,0.0027067221,0.9999999737979977,Arm wrestling
v_Cu-p0FZOqi8,0.0,0.99,0.0036037816,0.730614937078439,Plataform diving
v_dMjOeGJBF9M,0.0,0.99,0.0029369702,0.3790355296260802,Fun sliding down
v_DgcoDX3HbKY,0.01,0.98,0.003963473,0.9999142522536545,Making an omelette
v_45llr44Pu9g,0.01,0.98,0.0039018297,0.852411743739397,Fixing bicycle
v_9RAW6QibWRs,0.01,0.98,0.003842239,0.9999992225773932,Hand washing clothes
v_tTEAlDsmZrA,0.0,0.99,0.0039081825,0.9999977880827479,Trimming branches or hedges
v_CgaWju3yGc4,0.01,0.98,0.0037557927,0.432677450004053,Changing car wheel
v_uqaSFllHrco,0.0,0.99,0.0031827018,0.9979296081908815,Wakeboarding
v_2zohqWPmeQU,0.0,0.99,0.0033862593,0.6636021258082634,Hanging wallpaper
v_t3eRbi1Uk5E,0.0,0.99,0.0039162384,0.9999999827429157,Elliptical trainer
v_yweAN9o4QYI,0.0,0.99,0.0032685015,0.8881437461816707,Putting on makeup
v_1dvrNvxw43Q,0.0,0.99,0.0029292346,0.9999999996831876,Ice fishing
v_XeRiPVEZ6pY,0.0,0.99,0.0040903445,1.0,Playing accordion
v_2D22fVcAcyo,0.01,0.98,0.003893407,0.9999999999910468,Slacklining
v_IjwOh2YmT9U,0.0,0.99,0.0029342137,0.9999944448928108,Skateboarding
v_F51cKkjt6tk,0.0,0.99,0.0038589693,0.831681701997277,Putting on makeup
v_nLAm7USuYbA,0.01,0.98,0.0039630197,0.9999993325717691,High jump
v_-g-qMUjVA-s,0.0,0.99,0.0037667048,0.23926718548553005,Fixing the roof
v_8P1vKpL3Zcs,0.0,0.99,0.0037614543,0.7329887447686351,Wakeboarding
v_rXwSSTGmvb8,0.01,0.98,0.0038805038,0.9999444758756837,Mixing drinks
v_Bh8RcPBQjxo,0.0,0.99,0.0015306236,0.9910826066030096,Doing motocross
v_MYFVsllwDnc,0.0,0.99,0.003970074,0.9955423990092187,Cutting the grass
v_8FO4W-SBpxs,0.01,0.98,0.004076001,0.9999999870366904,Capoeira
v_fOgfpA9MTOQ,0.01,0.98,0.0038430453,0.9995588359671934,Calf roping
v_qsYElirHVUU,0.0,0.99,0.003971998,0.9847346679921631,Skateboarding
v_OBua42LRiF8,0.0,0.99,0.0035540073,0.999999985652746,Hurling
v_EQPiYEvFmSo,0.0,0.99,0.0030092786,0.9999998581434771,Cheerleading
v_5rVXCKLihyg,0.0,0.99,0.00400778,0.9999999999999104,Ironing clothes
v_aLv03Fznf5A,0.0,0.99,0.0017208273,0.9999999999999538,Using the pommel horse
v_kzbQWKUMyS0,0.0,0.99,0.0040478213,0.9999999999950915,Slacklining
v_ICBrXUuwvgg,0.0,0.99,0.00274464,0.9997981799072803,Rock climbing
v_86hyAYM5d3E,0.0,0.99,0.0039015901,0.4603892080120341,Cutting the grass
v_fklBsM-H7-Y,0.0,0.99,0.003716053,0.9997098432193484,Playing guitarra
v_ID44l9VqqGQ,0.01,0.98,0.004027812,1.0,Playing accordion
v_MYFVsllwDnc,0.0,0.99,0.003738557,0.9955423990092187,Cutting the grass
v_5-vAXCUN8X0,0.0,0.99,0.0039655515,0.9999459565468359,Playing water polo
v_kWN4zFblj6o,0.0,0.99,0.0031684495,0.9999996755891291,Doing step aerobics
v_odbjmsyfJe4,0.0,0.99,0.0035634725,0.5281976392832839,Arm wrestling
v_yRgei7gpr-I,0.0,0.99,0.0036640072,0.9801820582416542,Shot put
v_iEZgExTrv70,0.01,0.98,0.003699345,0.9999991568759209,Using the monkey bar
v_0x4TP4MPelY,0.0,0.99,0.0034893127,0.9795795505877966,Doing nails
v_92fD8Cy2zL0,0.0,0.99,0.0025929895,0.9999789198223842,Rock-paper-scissors
v_Nn-KZMYbOv4,0.0,0.99,0.0025525584,0.99999999846963,Spinning
v_PAGuZzrzSO4,0.0,0.99,0.0039596474,0.9612567981783808,Calf roping
v_zpBZ7HMNO34,0.01,0.98,0.003944849,0.9999999888730897,Elliptical trainer
v_XeRiPVEZ6pY,0.0,0.99,0.004087388,1.0,Playing accordion
v_TUfYisuVrs0,0.0,0.99,0.0038711037,0.9993309406422325,Plataform diving
v_niqc-dW54ic,0.0,0.99,0.0032057045,0.6142902903657025,Tumbling
v_62BPME-ikJU,0.01,0.98,0.003942969,0.7715943818911714,Cutting the grass
v_E2NKQZNMAO0,0.01,0.98,0.0038352485,0.87371494356306,Tai chi
v_A0XGYLim9IU,0.0,0.99,0.0029081537,0.9999419159584612,Croquet
v_Wt7Ca_mHbL0,0.01,0.98,0.003958096,0.8903111437285177,Plataform diving
v_wONwHYy59Tc,0.0,0.99,0.0038149252,0.8824086659332094,Blow-drying hair
v_VUvEWwghANE,0.0,0.99,0.003911559,0.6313924336440426,Roof shingle removal
v_sWQ65uwxXbA,0.0,0.99,0.0039455304,0.6890772266681684,Clean and jerk
v_msELZwMnoFo,0.01,0.98,0.00400722,0.9999999999999999,Surfing
v_92fD8Cy2zL0,0.0,0.99,0.0030478332,0.9999789198223842,Rock-paper-scissors
v_mNM01g9wLy4,0.0,0.99,0.0037688438,0.9999408696198715,Elliptical trainer
v_5vv5e_E93gM,0.0,0.99,0.0038264415,0.9926949878232308,Snowboarding
v_01vNlQLepsE,0.0,0.99,0.003780897,0.9998735979832675,Rope skipping
v_BH-kBRn84i8,0.01,0.98,0.0039700507,0.8853164214817897,Mowing the lawn
v_WKXIl7wvlk0,0.01,0.98,0.003970373,0.9999985432852677,Playing field hockey
v_iS_ms9ajumY,0.01,0.98,0.0037779957,0.8190133317640886,Making a lemonade
v_XvM1rCVQWWY,0.0,0.99,0.0037768765,0.8135717276949772,Fixing the roof
v_HNvolNt5RU0,0.0,0.99,0.0027654744,0.9902956985245425,Swimming
v_t1-GV2bAL4I,0.01,0.98,0.003785412,0.9999999903198857,Playing harmonica
v_50nJ8UkOGwg,0.01,0.98,0.0039033375,0.9999989914489207,Sailing
v_Lb43_7s9t7E,0.0,0.99,0.0036932572,1.0,Capoeira
v_WRX7aUqgZJ0,0.0,0.99,0.0036314134,0.9546573821085481,Waxing skis
v_i0Z8I2WCLNk,0.01,0.98,0.0037835455,0.9730796902798121,Archery
v_FtbrPGaINt0,0.0,0.99,0.0040014777,0.5467016310405641,Plataform diving
v_ZjvmWr5LoFw,0.0,0.99,0.002841058,1.0,Riding bumper cars
v_UrQ7Jq1s95o,0.0,0.99,0.0036102354,0.7998756989565066,Clean and jerk
v_kWtY5wkkAMY,0.01,0.98,0.0039972034,0.946914438272077,Trimming branches or hedges
v_9btLaLqX-Zk,0.0,0.99,0.0037384655,0.9996723834394619,Cleaning windows
v_jQR4Hhaf8o8,0.01,0.98,0.0039844187,0.9407045677756495,Breakdancing
v_RHpigjSwhVM,0.01,0.98,0.003998955,0.999995901618581,BMX
v_MOG4eTo4Q4Y,0.0,0.99,0.0030438052,0.9945177654531299,Dodgeball
v_IHpBwsyMT9Q,0.0,0.99,0.0037034613,0.9999999793780759,Throwing darts
v__1vYKA7mNLI,0.01,0.98,0.0038000625,0.9999999880405904,Kneeling
v_xV7uPiqNuwQ,0.0,0.99,0.0029146646,0.8389886099892653,Fixing bicycle
v_WhBnR7yIvJc,0.0,0.99,0.0014138432,0.9999999999738239,Swinging at the playground
v_qmKSDwVvxVk,0.0,0.99,0.0040468564,0.9999987182827765,High jump
v_sahQxLbmM0U,0.0,0.99,0.0036968074,0.9364389323935937,Clean and jerk
v_oKauZV0DHHk,0.0,0.99,0.00395902,0.6947176920852756,Removing curlers
v_IHpBwsyMT9Q,0.01,0.98,0.003784477,0.9999999793780759,Throwing darts
v_1buoiCgXG1Q,0.0,0.99,0.003926091,0.9960761202206314,Kayaking
v_9JrRZ9i1sXo,0.01,0.98,0.003997818,0.9999995880235315,Shoveling snow
v_NBXH7A2EO7Q,0.0,0.99,0.0037364115,0.7567669856949671,Assembling bicycle
v_FnbVnRX6WxQ,0.0,0.99,0.0038554457,0.7337967832156974,Using the rowing machine
v_RPLbUeV3-o0,0.0,0.99,0.0030464923,0.9888970105700085,Snowboarding
v_N9xp9VbpklQ,0.0,0.99,0.002147269,0.9999881042055521,Croquet
v_MYi6p113py8,0.01,0.98,0.0038500736,0.9999999047084492,Tango
v_FnbVnRX6WxQ,0.01,0.98,0.003866338,0.7337967832156974,Using the rowing machine
v_KgccYb6ufPY,0.0,0.99,0.0038468346,0.9080260441368417,Long jump
v_C3Mdjku7ZmM,0.01,0.98,0.003975564,0.9991634239063274,Cleaning sink
v_fh68-PXZ9Oo,0.0,0.99,0.003313136,0.9999999789206265,Disc dog
v_ZfXkzv-hNlg,0.0,0.99,0.0032624737,0.9999999998825576,Rafting
v_xzQRc682Isc,0.01,0.98,0.0039493544,0.9316630206538691,Hammer throw
v_yvOOFjG-FEo,0.01,0.98,0.0039350386,0.9917757485704491,Ironing clothes
v_SvIUXZqy8Hs,0.01,0.98,0.0039264644,0.9998156599558374,Hitting a pinata
v_spJaetMCD20,0.01,0.98,0.004035508,0.9362627121189974,Springboard diving
v_1nltPeGC5ZQ,0.0,0.99,0.0015741977,0.9999989130258283,Sumo
v_uqiMw7tQ1Cc,0.0,0.99,0.0038463627,0.9999999104914437,Kneeling
v_Gq8-XVrlAt4,0.0,0.99,0.002718342,0.9999999844078556,Tennis serve with ball bouncing
v_iANrLcieixM,0.01,0.98,0.0038789539,0.9999661864638111,Pole vault
v_Rho3u46ZIEE,0.01,0.98,0.0038464246,1.0,Playing accordion
v_KzxVQ19pRUU,0.0,0.99,0.003133761,0.9999963402597702,Mixing drinks
v_3TLhUYQ8geM,0.0,0.99,0.0041264785,0.999999999216765,Changing car wheel
v_ho8cKYrtufU,0.0,0.99,0.0026519555,0.9999999999221868,Archery
v_BwR1DPCVsP8,0.01,0.98,0.0039708707,0.9999999574552225,Layup drill in basketball
v_sAi1aMHR89A,0.0,0.99,0.0022975206,0.9943936930714403,Doing crunches
v_LNLsmdVMCmY,0.01,0.98,0.0038163895,0.9713764184430299,Removing ice from car
v_GkwkHQJifDU,0.0,0.99,0.0038329975,0.9999999998550813,Doing step aerobics
v_KzxVQ19pRUU,0.01,0.98,0.0038950676,0.9999963402597702,Mixing drinks
v_1uiEkwykOxo,0.01,0.98,0.003931734,0.9837303792044523,Playing polo
v_Re-SsHmajds,0.01,0.98,0.0039048572,0.9870929181383286,Playing racquetball
v__E_9te0nq3A,0.01,0.98,0.0038656397,0.999999987006542,Starting a campfire
v_RzMKERQ9vOU,0.0,0.99,0.001533233,0.9999974597610437,Doing crunches
v_BS9UPqgR89E,0.01,0.98,0.0038537893,0.9999945025463153,Ballet
v_q4QPF-qNBTY,0.0,0.99,0.0036312395,0.993385213221262,Using uneven bars
v_Xj1R81SK_zs,0.01,0.98,0.003768954,0.9872378218189068,Surfing
v_JHITVq5zJOM,0.01,0.98,0.0039345887,0.9273318253439504,Playing beach volleyball
v_jr7JA5eKkwY,0.0,0.99,0.0027859588,0.796907360732688,Blow-drying hair
v_3nzXMKByUnk,0.0,0.99,0.0008147915,0.9999550992548395,Cumbia
v_4vOxhqUbHL8,0.0,0.99,0.004094326,0.9999837420147849,Playing congas
v_CPnLc0MtBYc,0.0,0.99,0.0033455372,0.9999992163992615,High jump
v_KBG7wrKsZAI,0.0,0.99,0.0038494181,0.9989488783943846,Doing karate
v_MHhMO3yhcfU,0.0,0.99,0.0038059955,0.9997235689325928,Bullfighting
v_6DYQHmsezUw,0.0,0.99,0.0025985984,0.9999998583002435,River tubing
v_mWNTl9Bh7kI,0.0,0.99,0.003049605,0.9341791593854694,Playing field hockey
v_9VRLj4IfUzY,0.0,0.99,0.003698626,0.42040899851612096,Painting furniture
v_0EepbsAtiDk,0.01,0.98,0.0038620539,0.9998382638735707,Horseback riding
v_5GiIqXY__74,0.0,0.99,0.0037646603,1.0,Playing ten pins
v_B5hzlU0OepQ,0.0,0.99,0.0038650879,0.9798409816065157,Preparing salad
v_Hk-wwGuHuC0,0.0,0.99,0.0034793462,0.9999875114307171,Mooping floor
v_4VAhZEpQsv8,0.0,0.99,0.003556423,0.9999988919600136,Doing nails
v_GGSY1Qvo990,0.0,0.99,0.0016091312,0.9699766963430687,Clean and jerk
v_WXST-TXQjoU,0.0,0.99,0.002900011,0.9099673021801714,Getting a haircut
v_kSdWy3subNE,0.0,0.99,0.003993995,0.7430787376314334,Springboard diving
v_qblFXnyqf1o,0.01,0.98,0.004049078,0.6296774712190791,Doing step aerobics
v_M7Lc8nh9auA,0.0,0.99,0.0023906566,0.7854132163376305,Rollerblading
v_wVHD_Y5J3qE,0.0,0.99,0.0037901665,0.5084055557636113,Blow-drying hair
v_RLMvrl_vaqc,0.0,0.99,0.0038953554,0.85307834830638,Smoking hookah
v_wBcP3SQ3Qg4,0.0,0.99,0.0036912407,0.8448495161218175,Washing hands
v_685wnEW1Uq4,0.0,0.99,0.0028105313,0.9999999992294654,Javelin throw
v_QHmZWkRK528,0.0,0.99,0.00398711,0.9999999886164411,Cheerleading
v_IHpBwsyMT9Q,0.0,0.99,0.003873364,0.9999999793780759,Throwing darts
v_hPJw9_nPo_s,0.0,0.99,0.0031190265,0.9504298334427488,Waterskiing
v_F559bkkKSp8,0.01,0.98,0.003959842,0.9999999914394596,Camel ride
v_oNo8ZpqE_6k,0.01,0.98,0.0040181954,0.9996175401525996,Hurling
v_cVuHOF56B64,0.0,0.99,0.0039009065,0.999596955429871,Beer pong
v_a_uamUiKq1o,0.0,0.99,0.004003707,1.0,Arm wrestling
v_ZblmMtkVXIc,0.0,0.99,0.003989486,0.9690472727349644,Mooping floor
v_HVKveVRZ-JY,0.0,0.99,0.0039605373,0.9999956845595029,Playing water polo
v_gXp3KSWhf1g,0.0,0.99,0.0038659459,0.9999999930613859,Running a marathon
v_D1E_KJRxGvQ,0.0,0.99,0.0039478675,0.9999999998805469,Using the balance beam
v_1buoiCgXG1Q,0.0,0.99,0.0039316635,0.9960761202206314,Kayaking
v_hXSee4C6pyE,0.01,0.98,0.0038414304,0.7587045417526422,Fixing bicycle
v_FklvvNrpsUk,0.0,0.99,0.002047161,0.5627710430072093,Blow-drying hair
v_LJdI1neOr2c,0.0,0.99,0.003976029,0.9999996833399927,Using the balance beam
v_86iCOCtA4Ww,0.0,0.99,0.0037158888,0.9999999946635365,Rope skipping
v_7fwrkFHTm-Q,0.0,0.99,0.0032457616,0.9999999999999978,Doing kickboxing
v_owLv-_CPNJI,0.0,0.99,0.0037543229,0.9367508381421636,Assembling bicycle
v_gM7JdDs5f4o,0.0,0.99,0.003987955,0.9999999999995509,Drum corps
v_C-6kvesNmU4,0.01,0.98,0.003945282,0.9431473818849112,Kayaking
v_iGxMm7C1q48,0.0,0.99,0.003921813,1.0,Playing ten pins
v_GkwkHQJifDU,0.01,0.98,0.0039097248,0.9999999998550813,Doing step aerobics
v_YS8swiRbbIE,0.0,0.99,0.0039034078,0.9998870409181261,Baton twirling
v_ZKkjR2VTb7Y,0.0,0.99,0.0038120644,0.8908829618734136,Croquet
v_mpLYUgMhacA,0.01,0.98,0.0037462113,0.9973924979897715,Longboarding
v_iL5abexk3vQ,0.0,0.99,0.0019323033,0.9642074579673648,Baton twirling
v_tAbB24pczrs,0.0,0.99,0.0039464934,0.9917569512514844,Doing crunches
v_4DMnMu2Cb_c,0.01,0.98,0.0039706156,0.9999996996680879,Braiding hair
v_a39_RoOBkX0,0.0,0.99,0.003943646,0.9956160469513913,Washing dishes
v_bYUmtLBL7W4,0.0,0.99,0.0040615615,0.9812457630489118,Wakeboarding
v_Cc_DmDsXm6M,0.0,0.99,0.0039206794,0.97457917842164,Waterskiing
v_Yi3xUQcaOnE,0.0,0.99,0.00346258,0.910559271648096,Rafting
v_eCXiGAChev4,0.01,0.98,0.0039803656,0.8293314257292915,Washing dishes
v_ieWgalZPc2g,0.0,0.99,0.004081134,0.9862553156786713,Doing motocross
v_vGKdr_au240,0.0,0.99,0.003814692,0.9984800167958433,Curling
v_GxSh-XQhIjU,0.0,0.99,0.003071386,0.9644803137353133,Hurling
v_F3jJVS3NHf8,0.0,0.99,0.0029921795,0.9983464780325285,Making a cake
v_RVHx_Otzcl0,0.0,0.99,0.003962156,0.999922391027902,Ballet
v_E2NKQZNMAO0,0.0,0.99,0.003950868,0.87371494356306,Tai chi
v_cinmiQ4tHYk,0.0,0.99,0.0031228552,0.9334506675942684,Tai chi
v_sP416nSD4xQ,0.0,0.99,0.0030036897,0.9999999999958926,Playing piano
v_--1DO2V4K74,0.0,0.99,0.0039109285,0.9999999997145462,Rock climbing
v_Tc0nHNkf0KM,0.0,0.99,0.003629746,0.9976945638278993,Washing hands
v_nLAm7USuYbA,0.0,0.99,0.0034975596,0.9999993325717691,High jump
v_Feo8xSjY5A8,0.0,0.99,0.0039373105,0.9999999381120891,Clipping cat claws
v_5hXH-TorJ6M,0.0,0.99,0.003666303,0.9999999673103809,Mixing drinks
v_lnHdEtuXU8w,0.0,0.99,0.0038376714,0.9514836287321247,Blow-drying hair
v_kdfJW8YV378,0.0,0.99,0.003969282,0.9999998101843255,Sailing
v_nMFEEBtIu-Y,0.0,0.99,0.0038802691,0.9951140395981518,Playing saxophone
v_HsGz6S2MBU4,0.0,0.99,0.003938795,0.9990876013510898,Putting in contact lenses
v_rxfkWIGZtlQ,0.0,0.99,0.003757102,0.441646061349758,Blow-drying hair
v_-GRvxWH4axc,0.0,0.99,0.004079571,0.9999997691240415,Hitting a pinata
v_9VWoQpg9wqE,0.01,0.98,0.003935106,0.9960918212264027,Grooming dog
v_-FWGLSfI13Q,0.0,0.99,0.003979273,0.9999999999999997,Carving jack-o-lanterns
v_VpZ3PaLi2RQ,0.0,0.99,0.0024825206,0.7191167054464375,Mowing the lawn
v_pzkwJYJol7o,0.01,0.98,0.003956558,0.9998091880513443,Canoeing
v_dcsQy55tjw4,0.0,0.99,0.0031551435,0.8115797791206301,Shot put
v_JuD1OdoXe9Q,0.0,0.99,0.003911955,0.6478129065326921,Triple jump
v_iUVz4A5oblQ,0.0,0.99,0.0038671778,0.974206192574017,Installing carpet
v_oRtMsdNQ1LE,0.0,0.99,0.0035922206,0.9999999999880466,Playing congas
v_vdq_xoRyxCU,0.01,0.98,0.003927669,0.9999929202632654,Snow tubing
v_45gAK3x_0ds,0.01,0.98,0.0039804126,0.9999999999979134,Slacklining
v_KEXm-3H6eTg,0.01,0.98,0.003682462,0.9999999757588499,Mixing drinks
v_4o8MaHTb7E4,0.0,0.99,0.003793912,0.8396506023620163,Triple jump
v__E_9te0nq3A,0.01,0.98,0.0039434233,0.999999987006542,Starting a campfire
v_lviFcaF4HUo,0.0,0.99,0.0025590188,0.9999476301416627,Using uneven bars
v_QuEHZ2Y3H40,0.0,0.99,0.0040640896,0.999999999978596,Surfing
v_K8f4LNNiQy8,0.0,0.99,0.0039357967,0.9999999820443097,Pole vault
v_PxGggNnMGtQ,0.0,0.99,0.0031402675,0.9999999532699957,Mixing drinks
v_xynscQyItDQ,0.0,0.99,0.0030072795,0.6557428364104863,Putting on shoes
v_Wyr2o0lsSTU,0.0,0.99,0.0027563951,0.9999677816395225,Walking the dog
v_b1wnLw3H1vo,0.0,0.99,0.0015322602,0.9999999898070938,Doing kickboxing
v_2Voht8wf3dQ,0.0,0.99,0.0020740107,0.8621292971074206,Sharpening knives
v_fd7VuzALBCM,0.0,0.99,0.0039358004,0.6533645199740731,Removing ice from car
v_x6Z0xTgWoVI,0.0,0.99,0.0028609342,0.9718067335148667,Skiing
v_fyxXJJhCGBQ,0.01,0.98,0.003937717,0.9999996121792206,Chopping wood
v_rRSTE1EsAUM,0.0,0.99,0.0015255496,0.6387593590418091,Tug of war
v_3nzXMKByUnk,0.0,0.99,0.002571406,0.9999550992548395,Cumbia
v_l7gWFOa7FnI,0.0,0.99,0.0029039716,0.4349048438223986,Laying tile
v_spZ_RrpyNJw,0.0,0.99,0.0019057179,0.9999999999999544,Playing pool
v_GhXniQgRUTY,0.0,0.99,0.0023688206,0.9999999999376059,Doing step aerobics
v_UkA6pgt29VI,0.0,0.99,0.0031484882,0.9999995679994075,Surfing
v_pk7LcugO3zg,0.01,0.98,0.0039643566,0.7218316617127923,Drinking beer
v_s69uPXLvzIg,0.0,0.99,0.00041445115,0.9999999998614754,Welding
v_dXONZBWOKHk,0.0,0.99,0.003999633,0.1979940603306976,Ironing clothes
v_uMGfCaGMnEE,0.0,0.99,0.0016273593,0.9999998882293867,Mixing drinks
v_OlH5t7EKOKM,0.0,0.99,0.002952729,0.9918144259675455,Using uneven bars
v_jW1isCO6MYk,0.0,0.99,0.003533156,0.9999697399391441,Using the monkey bar
v_wts5XRikF1Y,0.01,0.98,0.004082286,1.0,Surfing
v_qBqUu4_qOnU,0.0,0.99,0.0038846054,0.9999998528497744,Hitting a pinata
v_Uqs8NaPzHKU,0.01,0.98,0.004080386,0.9439489333511476,Making a cake
v_WOZbWqJMkRg,0.01,0.98,0.0038116847,0.9999999959335036,Drum corps
v_mtU66vCjVVs,0.01,0.98,0.0038013458,1.0,Playing flauta
v_TIjwhYSIRgg,0.0,0.99,0.0029175961,0.9999999999319832,Doing fencing
v_0QNcOwi5bu8,0.01,0.98,0.0037921462,0.9996443683014727,Plastering
v_3HYQV_zu2RA,0.0,0.99,0.0036293005,0.9999584188415237,Using the rowing machine
v_EEMGyhO3OVI,0.0,0.99,0.004018508,0.9999980268917428,BMX
v_Lb43_7s9t7E,0.01,0.98,0.0040103835,1.0,Capoeira
v_4aBJ_L0u7Lo,0.0,0.99,0.003989004,0.9999998712640564,Shuffleboard
v_CfDdbeAk8LE,0.01,0.98,0.0038704076,0.9999863142340361,Welding
v_Tc0nHNkf0KM,0.0,0.99,0.0036213861,0.9976945638278993,Washing hands
v_YAhHfaXnpKg,0.01,0.98,0.0038595381,0.9989878943978862,Camel ride
v_VI2qAFwvPSc,0.0,0.99,0.0039288728,0.9999989551236557,Cumbia
v_rO9SwC42Goo,0.01,0.98,0.0040129833,1.0,Camel ride
v_gA0m7YUH408,0.0,0.99,0.003938275,0.9998646614702361,Croquet
v__GQaltSDMAk,0.01,0.98,0.003951985,0.9965627571189997,Making a lemonade
v_Ck-9AHZNkq4,0.01,0.98,0.003994978,0.999998557357137,Spinning
v_HPNZi_WsUeY,0.0,0.99,0.0038534645,0.9847774171920545,Preparing pasta
v_u3uYs6SZFKo,0.01,0.98,0.0040490064,0.9999999999837027,Swinging at the playground
v_9Xrw-WOipSI,0.0,0.99,0.0039012767,0.9991031844595302,Croquet
v_079MEwdDNjg,0.0,0.99,0.00406454,0.5020085703977002,Playing lacrosse
v_W1krUTxgsMc,0.01,0.98,0.0038224119,0.9999671683426431,Playing guitarra
v_NnMMEFglHBQ,0.0,0.99,0.0018999301,0.9999965453279559,Vacuuming floor
v_oCicjtc1t9Y,0.01,0.98,0.003953744,0.9999983335912931,Raking leaves
v_LGt_KpgXymU,0.01,0.98,0.004004383,0.999999999948976,Playing violin
v_T3bTwmccIEQ,0.0,0.99,0.003444358,0.9999725949500132,Canoeing
v_fG0nn2IVdDM,0.0,0.99,0.0015503378,0.9125604077099633,Kite flying
v_nMiXX2jqI40,0.0,0.99,0.0036009124,0.9999998641383866,Scuba diving
v_vCeaFAiokrU,0.0,0.99,0.0036253536,0.9999998715699001,Shoveling snow
v_KbEoaYhMZ6c,0.0,0.99,0.0016701975,0.9906753037782087,Vacuuming floor
v_0KqeKi2CBqg,0.01,0.98,0.0037410683,0.5613327684927365,Knitting
v_9FYVaOGQV6o,0.01,0.98,0.004072417,0.9999998942180546,Playing ice hockey
v_z6U8CyJRNXw,0.01,0.98,0.004076969,0.9999935700061476,Wakeboarding
v_fgQ2HYMl3pA,0.0,0.99,0.0033645546,0.9961787025356217,Beach soccer
v_9VWoQpg9wqE,0.01,0.98,0.0038484265,0.9960918212264027,Grooming dog
v_4WikrzXQ3Bo,0.0,0.99,0.0040948405,0.999997414128972,Rope skipping
v_f4IL30BPe2w,0.0,0.99,0.0040161586,0.9999999999548216,Disc dog
v_yeLB4QXA3NQ,0.01,0.98,0.003976592,0.9884127515095857,Hand car wash
v_XFlKGUFgBnc,0.0,0.99,0.0017582744,0.9990586848756775,Zumba
v_sc_L4zUEb7E,0.0,0.99,0.0031263456,0.9999999999807613,Snow tubing
v_2wcD0wSzB5w,0.01,0.98,0.0039992398,0.9999999985150615,Disc dog
v__aEHpGmhHe8,0.01,0.98,0.0036670803,0.9991735693953786,Doing nails
v_Fky1ioAUt38,0.0,0.99,0.004000582,0.999999865007345,Mooping floor
v_-DpnaHTk8PA,0.0,0.99,0.00369906,0.9999999999999336,Arm wrestling
v_8QEG_1GhoEc,0.01,0.98,0.0039633275,0.9999995113432764,Spread mulch
v_6UqWORrn3KI,0.01,0.98,0.0039150957,0.8086007938569837,Making a lemonade
v_5QS_VBDwKzw,0.01,0.98,0.0038612403,0.437511700325031,Getting a haircut
v_CjPN7fw0B48,0.0,0.99,0.0036906865,0.809098979606548,Mowing the lawn
v_6hjRnngC73o,0.0,0.99,0.0038626646,0.9978215868754058,Waxing skis
v_FeWZkO6kZl0,0.0,0.99,0.004044368,0.9962553279889752,Playing field hockey
v_Jl2lDgcsvmA,0.0,0.99,0.003285239,0.6581163888908422,Dodgeball
v_5_M10vevgJg,0.0,0.99,0.0015555279,0.9999999795807203,Waxing skis
v_fdd5ixvEXOE,0.0,0.99,0.0032948444,0.2561971538287711,Hopscotch
v_lyJpgvmTOpo,0.01,0.98,0.0038607675,0.9999949257561754,Drinking beer
v__8KsVaJLOYI,0.0,0.99,0.0038702071,0.9466533793347917,Playing field hockey
v_vBKIXqRd-eA,0.0,0.99,0.003833537,0.9999937274724446,Calf roping
v_arnKDX_ToxE,0.0,0.99,0.0030807815,0.9999999624723207,Elliptical trainer
v_Q2wd5aLtZ1E,0.0,0.99,0.0033796642,0.5035570051278138,Fixing the roof
v_SoWow2cxfac,0.0,0.99,0.0037334575,0.9999910922346892,Disc dog
v_-GRvxWH4axc,0.0,0.99,0.0040716142,0.9999997691240415,Hitting a pinata
v_8AQopjogplo,0.01,0.98,0.003693751,0.6670746748349742,Playing congas
v_1rf7t4sYtIA,0.0,0.99,0.0027114376,0.9999906116518578,Blowing leaves
v_JEvEoAESqJ0,0.0,0.99,0.00040957285,0.9845965482162945,Long jump
v_Zv78Or7fW5U,0.0,0.99,0.003273442,0.6922086194076806,Long jump
v_b380n1dci9I,0.0,0.99,0.0033998485,0.9999996695486943,BMX
v_5GFpN0YZEog,0.0,0.99,0.0037728979,0.9999922689987162,Playing saxophone
v_qmKSDwVvxVk,0.0,0.99,0.004019322,0.9999987182827765,High jump
v_dQR6VEemP24,0.0,0.99,0.00042100577,0.9997956175951815,Bathing dog
v_tj0sI8M3tro,0.0,0.99,0.0037868072,0.9995251366414201,Painting
v_uJZFC7gHZGI,0.01,0.98,0.0037252638,0.7333271302917873,Getting a tattoo
v_FiFzHgBjryA,0.0,0.99,0.0030493787,0.9999999938736267,Vacuuming floor
v_2-S2fehRKVc,0.01,0.98,0.0040477766,0.9999999999999868,Chopping wood
v_9cxGx2BsKkM,0.0,0.99,0.0039543654,0.5156465654764715,Paintball
v_pev7rvOE8eM,0.01,0.98,0.0039227046,0.6913466113014872,Removing ice from car
v_qgasVDGUw3E,0.0,0.99,0.00389693,0.909214805911543,Roof shingle removal
v_kMRQmijCc5Y,0.0,0.99,0.0021490704,0.9999999921226648,Elliptical trainer
v_RMkaNGdydws,0.0,0.99,0.0033868225,0.36955297219243693,Waxing skis
v_c1tbdVxIhH4,0.0,0.99,0.00204574,0.9999999999397038,Carving jack-o-lanterns
v_B8d9FYuZglQ,0.0,0.99,0.003994803,0.9999969075376438,Putting on makeup
v_SoWow2cxfac,0.0,0.99,0.0029500853,0.9999910922346892,Disc dog
v_4zYY4abpCgI,0.0,0.99,0.003941883,0.9648086831328967,Painting furniture
v_Aygp8JaMkqQ,0.0,0.99,0.003965982,0.9999999999999788,Surfing
v_B7t85SESTXI,0.01,0.98,0.0038906254,0.718380464521481,Paintball
v_vKCxWIzJTm0,0.0,0.99,0.0040631196,0.9988229739865518,Breakdancing
v_WROGzgOpPXc,0.0,0.99,0.003904399,0.9821110467905557,Rafting
v_Rd18n3PeZvk,0.01,0.98,0.0038099773,0.9999999955617261,Smoking hookah
v_91XkPU8A5hs,0.0,0.99,0.0040196436,1.0,Playing violin
v_dBCiKzkJogg,0.0,0.99,0.002589624,0.9999999999845228,Beer pong
v_ASXqlsSfZ5E,0.0,0.99,0.00040983615,0.9999999999788609,Powerbocking
v_aW8LjbEpY1c,0.0,0.99,0.0034533127,0.9999999999990012,Playing rubik cube
v_KUejIghF6K4,0.0,0.99,0.00042914564,0.9999908735996466,Hitting a pinata
v_VthI1KPjEq8,0.0,0.99,0.0014047321,0.4688363576889656,Polishing forniture
v_60Fyun_Szw4,0.0,0.99,0.0038089738,0.9899179428568782,Discus throw
v_P9qhbSYblG4,0.01,0.98,0.003974879,1.0,Playing ten pins
v_7DJDUzdw_I4,0.01,0.98,0.003954317,0.9862287347834432,Using parallel bars
v_sAi1aMHR89A,0.0,0.99,0.0038024331,0.9943936930714403,Doing crunches
v_sfT9Siql3P8,0.01,0.98,0.004169359,1.0,Riding bumper cars
v_jNJnPpIvtTU,0.0,0.99,0.0040504187,0.9999999999975934,Tango
v_mzVJHw9Jrb4,0.01,0.98,0.00378468,0.9981858730010889,Rollerblading
v_KzZlSbM16aY,0.0,0.99,0.0035532569,0.9999999999931106,Playing flauta
v_NURr5XJcwFs,0.01,0.98,0.0040263105,0.9999995783526864,Hitting a pinata
v_Dk3DiAp2yAU,0.0,0.99,0.0037302114,0.762680523637448,Cleaning windows
v_9Rvz-oIAn50,0.0,0.99,0.0032094882,0.9999999999692036,Doing step aerobics
v_SIf4H2dqbpg,0.01,0.98,0.00391304,0.9999971387514782,Decorating the Christmas tree
v_--6bJUbfpnQ,0.0,0.99,0.003912685,0.9946562217804329,Drinking beer
v_P1gGM89_T2g,0.01,0.98,0.0039510485,0.9999998423302687,Scuba diving
v_lq20hEghHtU,0.0,0.99,0.0039015906,1.0,Camel ride
v_NzrOOXRyDPM,0.0,0.99,0.003919945,0.9995506722178208,Bullfighting
v_kElViDpjunQ,0.0,0.99,0.0036676999,0.9754982868676153,Cleaning shoes
v_rCmpRDbS_O4,0.0,0.99,0.0038003402,0.9274614918616609,Washing face
v_37gHYr2uDZo,0.0,0.99,0.003317924,0.9999999699629291,Mixing drinks
v_9ZboVy59qrw,0.0,0.99,0.0034886731,0.9881196691997384,Playing polo
v_cIKAwgMLKw4,0.0,0.99,0.0038434658,0.41191979964378883,Applying sunscreen
v_HuUIIKA3o_A,0.01,0.98,0.003910311,0.597501047868756,Removing ice from car
v_WXEq3OeD68o,0.0,0.99,0.0029755477,0.9498177351127686,Snatch
v_Mv2uecqTSdY,0.0,0.99,0.001810026,0.9529424563715484,Kayaking
v_4VAhZEpQsv8,0.01,0.98,0.0038649188,0.9999988919600136,Doing nails
v_Ieb7EkMxpJk,0.0,0.99,0.0036958996,0.9943923927946599,Grooming dog
v_Liha_xwiwtc,0.0,0.99,0.0025937918,0.7962395450921175,Canoeing
v_ZlwkO1oFBHw,0.01,0.98,0.0040156026,0.999999884577899,Layup drill in basketball
v_20ooSJixdyg,0.0,0.99,0.0034466817,0.9999977387859698,Mixing drinks
v_6f1HnAlpphA,0.0,0.99,0.0039436845,0.999928720475952,Calf roping
v_VtS4vy8Z0RQ,0.0,0.99,0.0028313922,0.37729679295687435,Throwing darts
v_xKLnBh0zmL4,0.0,0.99,0.0025589422,0.9999998951909436,Using parallel bars
v_u-yFENQQxAo,0.0,0.99,0.0040638573,0.9575163714549079,Raking leaves
v_xzuQIbnXt2U,0.0,0.99,0.0037625108,0.8182435936646334,Trimming branches or hedges
v_9uxkazuxmDw,0.0,0.99,0.0028146005,0.998245669264802,Playing lacrosse
v_JHYMG87h3XI,0.01,0.98,0.0040160413,0.5890256994980317,Wakeboarding
v_BBRNbo8c8gA,0.0,0.99,0.003424761,0.9999373397858123,Tumbling
v_FgRIl4bNl_M,0.0,0.99,0.0039877165,0.9999968514080144,Shoveling snow
v_ur873jaQO3A,0.01,0.98,0.0040588994,0.9999999999996281,Archery
v_Aygp8JaMkqQ,0.0,0.99,0.003959224,0.9999999999999788,Surfing
v_TNFoUBRsngY,0.0,0.99,0.0040020547,0.9999999999921052,Tug of war
v_BodF651KcIg,0.0,0.99,0.0030424434,0.9999999997926723,Belly dance
v_bCEdkW675dQ,0.01,0.98,0.0038379128,0.9998697045205023,Playing violin
v_aPEqCGdCsp0,0.0,0.99,0.0015439842,0.9865916767865991,Getting a tattoo
v_3X6eP273RoI,0.0,0.99,0.003425503,0.463591624986491,Preparing pasta
v_RihO8i98QJg,0.0,0.99,0.0038821977,0.9999998459613998,Dodgeball
v_pIk9qMEyEd4,0.0,0.99,0.0021244946,0.6245960663313793,Assembling bicycle
v_QylENMzsW9w,0.0,0.99,0.003976503,0.9221618378213863,Mooping floor
v_p9hJmlWGvFI,0.0,0.99,0.0036015634,0.9999985202789424,Beach soccer
v_RTwa2d6Oqvo,0.0,0.99,0.0037139857,0.8678162991247715,Polishing shoes
v_UxlSiLBleX4,0.01,0.98,0.0037009323,0.9999999999879094,Playing guitarra
v_ATk8OkvNHHQ,0.0,0.99,0.0038680243,0.9999865811775211,BMX
v_HZWdMK6zhec,0.0,0.99,0.0017481847,0.4305099284855124,Playing lacrosse
v_8Ny9NjNpQQA,0.0,0.99,0.0036055958,0.4862009813870797,Canoeing
v_Nx4rK_jvvR4,0.0,0.99,0.0036866814,0.999999995548454,Ballet
v_-2VzSMAdzl4,0.01,0.98,0.004070483,0.9982378591459419,Waterskiing
v_OMq736aZeV8,0.0,0.99,0.0028827307,0.5162935048602755,Kayaking
v_A3160tXXLGg,0.01,0.98,0.003874873,0.9999999997908792,Playing rubik cube
v_EXr5QXCpkYY,0.01,0.98,0.003958276,0.49891893235958723,Laying tile
v_S5zweEQSnho,0.01,0.98,0.0039378814,0.9999228214079406,Tennis serve with ball bouncing
v_69X7tP6p7E0,0.0,0.99,0.0028427115,0.9999985956657871,Dodgeball
v_z5xZrF421HE,0.0,0.99,0.0040213233,0.9999951391593265,Rock climbing
v_9R2wP-iceaw,0.01,0.98,0.0039635487,0.9999054403446491,Dodgeball
v_9RAW6QibWRs,0.0,0.99,0.0039060833,0.9999992225773932,Hand washing clothes
v_E2nAOID5DLM,0.0,0.99,0.0030743973,0.5217195228577859,Long jump
v_e-k2J91a954,0.0,0.99,0.0028789698,0.999999925775327,Volleyball
v_jfhKC2WFDTo,0.0,0.99,0.003682865,0.9999999998687548,Cheerleading
v_79FMLEeVp7Q,0.51,0.62,0.0036390899,0.6413985136801577,Canoeing
v_A80eMz7rJUM,0.01,0.98,0.003870145,0.9963659361398791,Trimming branches or hedges
v_kpAwQpA1nPs,0.0,0.99,0.0038241376,0.9999995223746172,Pole vault
v_TNFoUBRsngY,0.01,0.98,0.0040021106,0.9999999999921052,Tug of war
v_m5NK0eErs90,0.0,0.99,0.0013885065,0.9999919843324175,Playing water polo
v_CtQ25XC45As,0.01,0.98,0.003979068,0.9998914482559923,Dodgeball
v_uID_HFDKFKw,0.01,0.98,0.00402175,0.9993920568406579,Playing kickball
v_yu1XjQUctiM,0.01,0.98,0.004024053,0.9999999824802435,Brushing teeth
v_-E2dqOULQgY,0.0,0.99,0.0038782146,0.9999981067279315,Playing drums
v_CtQ25XC45As,0.0,0.99,0.003979054,0.9998914482559923,Dodgeball
v_LYqfB7HsQwQ,0.0,0.99,0.0038992602,0.9999999999999762,Playing harmonica
v_IqRN2sOQ7Mo,0.01,0.98,0.0039952793,0.9988339176098808,Kite flying
v_N5XBi-uPkAU,0.0,0.99,0.003885014,0.9955943236156475,Doing a powerbomb
v__Wag6CT_0j8,0.0,0.99,0.003933898,0.8810297908184344,Playing field hockey
v_enASD1KDX24,0.0,0.99,0.0024337773,0.9999995621220462,Raking leaves
v_mwDQENGsvd8,0.0,0.99,0.004019323,0.9999987698336908,Playing drums
v_vVvImml1A8g,0.0,0.99,0.0036217559,0.9999999999996045,Riding bumper cars
v_y1IjkACdnfs,0.0,0.99,0.0037873543,0.9999718077379461,Doing motocross
v_2VTEseqA5SA,0.01,0.98,0.004111835,0.9999999974688384,Welding
v_Dzj5X11anrk,0.0,0.99,0.0033588521,0.9999999880546279,Spread mulch
v_Oent5pguFk4,0.0,0.99,0.0039541735,0.9967894036854603,Spinning
v_EolA3Rd_Vm4,0.01,0.98,0.0039801183,0.9982991930145152,Shaving legs
v_m_gr7WdjJmc,0.0,0.99,0.0030417996,0.9940440357657643,Skiing
v_KlheP4IiS8w,0.01,0.98,0.0039543435,0.9999983425780963,Disc dog
v_-wXbBZDSIa8,0.0,0.99,0.003949644,0.999999999970729,Doing a powerbomb
v_FP0tI2Tjigs,0.0,0.99,0.0036560975,0.9999999897873327,Vacuuming floor
v_IWdJF6lBSnM,0.0,0.99,0.0035493325,0.056260063030077294,Roof shingle removal
v_Lyaozxv4_qU,0.0,0.99,0.0037527038,0.9999988190922467,Blowing leaves
v_UBQfURrVB_Y,0.01,0.98,0.0038338476,0.8518987414952164,Removing ice from car
v_mr2wnh2GwL8,0.0,0.99,0.0027315302,0.9999839899022099,Building sandcastles
v_r8AXq1Q5bn0,0.0,0.99,0.003859336,1.0,Playing accordion
v_suyh4tGuScw,0.0,0.99,0.0039294288,0.9999999976378632,Tango
v_IBscTNN6qfY,0.01,0.98,0.004019817,0.9979764112308523,Braiding hair
v_No5ZwqHdEQU,0.0,0.99,0.00401171,0.9950851422547123,Playing beach volleyball
v_5F4jcV8dHVs,0.0,0.99,0.004011116,0.9999089632592841,Wakeboarding
v_v34qczSoYLo,0.01,0.98,0.0037915094,0.9983292350745678,Bungee jumping
v_59R_1aBnFn4,0.01,0.98,0.0039804,0.869244910737094,Doing a powerbomb
v_0fsMeZoZzJI,0.01,0.98,0.003760533,0.48043583526008926,Bathing dog
v_bHAzuAnnvcU,0.01,0.98,0.0037727677,0.9998031120345726,Using the monkey bar
v_MxKuqpxmKKk,0.01,0.98,0.0039333515,0.9398629651166877,Shot put
v_OFe8toY6Ch4,0.01,0.98,0.004011578,0.9999999941772163,Curling
v_FUvUDCZxAO8,0.0,0.99,0.003981773,0.9999999999999986,Archery
v_Zc7uU4Qwolc,0.0,0.99,0.0037433477,1.0,Playing violin
v_L149Uf5V7K0,0.0,0.99,0.0040486353,0.9999999989169922,Rope skipping
v_a2HjLtnVDaY,0.0,0.99,0.0034671575,0.9999999965105761,Walking the dog
v_R_AsoAmxd4o,0.0,0.99,0.0038977445,0.9989857188130408,Waterskiing
v_X82bc2v5kcM,0.01,0.98,0.004020722,0.9734710428326971,Getting a haircut
v_5oD3-y66g_8,0.01,0.98,0.003947454,0.999999999629173,Hula hoop
v_HcZ3irBAcE0,0.01,0.98,0.0038651319,0.9999999988818449,Clipping cat claws
v_kl9xvnAKfdE,0.0,0.99,0.002531721,0.9734013962523325,Hurling
v_--1DO2V4K74,0.0,0.99,0.0038496268,0.9999999997145462,Rock climbing
v_31TT2oiYRO4,0.01,0.98,0.003871351,0.9999983602432039,Zumba
v_iaXlCCgLBdo,0.0,0.99,0.0024376744,0.9999990634755722,Javelin throw
v_WT7ZtXsTslM,0.0,0.99,0.0037783133,0.9736143082605953,Cleaning shoes
v_NpBZn7OHUKo,0.0,0.99,0.003709522,0.9999850891672448,Kneeling
v_CN01Gm2Yc4k,0.0,0.99,0.0028024002,0.8412399455423712,Doing crunches
v_LcXB-fSLTKY,0.0,0.99,0.00082317425,0.9999999999877061,Starting a campfire
v_H1cKUnazzFM,0.01,0.98,0.0038952478,0.9995876339771833,Hammer throw
v_aGlfi9PqRdY,0.01,0.98,0.003773172,0.8003000918680837,Peeling potatoes
v_sWQ65uwxXbA,0.0,0.99,0.0031002676,0.6890772266681684,Clean and jerk
v_-n0F3QTuxug,0.0,0.99,0.0037399242,0.9592750210984552,Washing face
v_PUWg7fXnCf0,0.0,0.99,0.0017275781,0.9999999996605172,Rope skipping
v_OszjSKHCvKI,0.01,0.98,0.003948942,0.8355671828811195,Wakeboarding
v_qN0a8-A-5Pg,0.0,0.99,0.001777339,0.9954126067648061,Hammer throw
v_bfBTnUiGVUo,0.0,0.99,0.0031690805,0.9999547847449257,Brushing teeth
v_VwmYoF9Rh_8,0.0,0.99,0.0037899541,0.9957022825055103,Kayaking
v_TDfWOcKi684,0.0,0.99,0.0030324808,0.9999999999999465,Paintball
v_C03QJbrKzaw,0.0,0.99,0.0037588007,0.9999878269881834,Trimming branches or hedges
v_wHGDq_8dCuc,0.0,0.99,0.0036337883,0.9983970286700163,Tai chi
v_-r_bvqjYjYg,0.01,0.98,0.0040613483,0.9999987718642828,Shot put
v_pbz8c7TAlDs,0.0,0.99,0.0028916344,0.9999859262858232,River tubing
v_OM58jhy61Mc,0.0,0.99,0.0030800279,0.9991225556927931,Smoking hookah
v_b380n1dci9I,0.0,0.99,0.0039789528,0.9999996695486943,BMX
v_y9bLCC26MGQ,0.0,0.99,0.0037738357,0.938181894953155,Triple jump
v_3-_Eld2NwJ0,0.01,0.98,0.0038643507,0.9999956402492407,Building sandcastles
v_PJgB6h-fImY,0.01,0.98,0.003912116,0.9997254860216884,Fixing bicycle
v_WXST-TXQjoU,0.0,0.99,0.0026410555,0.9099673021801714,Getting a haircut
v_NsqW8ZwYDEk,0.0,0.99,0.0039729704,0.9999999999950926,Archery
v_nfjIQXyL7_Y,0.01,0.98,0.003826676,0.34561527411709964,Hitting a pinata
v_OS-h1xzAZno,0.0,0.99,0.0012420603,0.9905326298165331,Using the balance beam
v_GBFRHM7i-NQ,0.0,0.99,0.0036850576,0.9992889020537775,Bullfighting
v_saB1t3Znhk0,0.0,0.99,0.003877272,0.9910974902359878,Doing karate
v_HQP20PGfwYM,0.0,0.99,0.00396601,0.543940524919899,Fixing the roof
v_gh0GD6OvLHE,0.01,0.98,0.0039219535,0.9986739700998919,Shaving legs
v_D0RDF1ez-8Y,0.0,0.99,0.003449561,0.9839919546074355,Putting in contact lenses
v_LsK452h29ng,0.0,0.99,0.0036317958,0.9999999918042195,Using the rowing machine
v_x7-2_HigN8c,0.0,0.99,0.0038176277,0.9999245871017653,Throwing darts
v_eCXiGAChev4,0.01,0.98,0.003970086,0.8293314257292915,Washing dishes
